#round 1
RMS: 0.554402081272
camera matrix:
 [[ 510.6259308     0.          322.7068163 ]
 [   0.          509.68895478  237.02098925]
 [   0.            0.            1.        ]]
distortion coefficients:  [  2.27909996e-01  -5.74615017e-01  -4.98372427e-05   2.59961823e-03   4.58412718e-01]

#round 2
RMS: 0.344703984753
camera matrix:
 [[ 510.05502792    0.          321.80991222]
 [   0.          509.3250341   235.93008785]
 [   0.            0.            1.        ]]
distortion coefficients:  [ 0.21865285 -0.40706297 -0.00099395  0.00059409  0.03654227]
